23433767
15121496
17482709
16213253
23022091
21197852
24144531
26089322
27797726
24169301
24615862
15674918
16855953
16855995
17943797
20091552
24065550
23633361
23835682
27650122
27030386
28181684
28375548
25901000
26901573
24129770
25306500
26375499
27843045
26218309
21946419
21640547
26630458
28403029
24622004
24374411
25375112
23884014
25573761
16230876
23889316
27714911
22642829
24549476
24297743
24129784
26243014
25790793
25771785
27106555
27299747
28194720
27633021
27397681
24733304
23705760
--------
